the costs:
-0.10332819626940393, 
-0.10332819626799813, 
-0.10332819626659118, 
-0.10332819626518426, 
-0.1033281962637797, 
-0.10332819626237381, 
-0.10332819626096809, 
-0.10332819625956331, 
-0.10332819625815673, 
-0.10332819625674972, 
-0.10332819625534202, 
-0.10332819625393869, 
-0.10332819625253287, 
-0.10332819625112573, 
-0.10332819624972037, 
-0.10332819624831403, 
-0.10332819624690803, 
-0.10332819624550313, 
-0.10332819624409655, 
-0.10332819624269092, 
-0.10332819624128474, 
-0.10332819623987849, 
-0.10332819623847292, 
-0.10332819623706785, 
-0.10332819623566024, 
-0.10332819623425538, 
-0.10332819623284872, 
-0.10332819623144392, 
-0.10332819623003615, 
-0.10332819622863103]
0.5116007344349858
0.5090725806451613