C:\Python\python.exe C:/Users/Eyal-TLV/Desktop/NeuralNetworkFeatureRanking/main.py
the costs:
-0.10589653418444264
-0.11400035526961552
-0.12442621927191234
-0.13836147818836922
-0.15674142809868982
-0.1796056458883097
-0.20659261450599783
-0.23732570840555145
-0.27007218433618724
-0.3014831877862151
-0.32854291678012115
-0.3502375085050609
-0.3671409527775343
-0.3803307136422696
-0.3907425228014581
-0.39910663306668104
-0.4059195008726613
-0.41156672202064637
-0.41632555779993924
-0.42038076382619743
-0.42387561841219623
-0.42692602910302
-0.4296143436585713
-0.432000644864874
-0.4341394731054902
-0.43607330710716735
-0.43782835507766155
-0.43943167898389557
-0.44090412625993175
-0.44226207330728984
0.9557669838090469
0.9611895161290323
